$ANSIBLE_VAULT;1.1;AES256
35636336393530333163633865626235383938363666383234633034383139303035386538656238
3737333062636464363366323430363339323361636462380a393530343930353533376462336636
34623965633233383262383933643964356466303737336533323562313837353439353438306237
6330666666613431350a366163333566306431626464623264633835663938366662306539643133
63323833633735663533656639363433656362353634663632316563323365373231346637333463
61613133303535383031336261343765353636356461343530363463356436326637366330613836
36386434336436663362663463353239343732363364323162323938366466366236383636376433
34356162303630636435353037633733333132326337333835376430323635383565663037313039
61613365613261656337346332626639333063376664663232336230306566306439613564643731
61643132333132303839363533653661396464326166626637366665656366333430326161386630
62626434333134376135346437306437323134393336386562626634666531316263326438613534
64383062356561326339353761323362363039326565333164323837636564373237376239653637
38363533323363353930373666356638393237306530646466666365306236346333656337303731
64306435376430656635636262383235363765386333343035313962666262646566333831643662
32303262376462366234663761313262636538366532373639656337616262636364373535663632
39383663623165316333313466326136383532616162616131623761306339613065383138343836
31626239373836363264353966346262623861623864646462393265656465333835383862306636
30636230633865656462383064303831613665643434313761653030646531613437333665643132
33373264393766363361376364376432383733636536393562303161383534643734373763306636
30386362353663346533633136353662396536653334646361343535343561346666626162343236
39636630396534613832623866333339616536386437613638636661616365396235313162376162
34373732356262343935343732636534646439316338393733313161343865663739626434333161
61313533353662373536626666343634386261616261303461393435356634323038316361346135
31616431343531626531326234336437656238643939643236613537643035343365353962666331
63613935326364646336613937393433623235393635373263333164663865303232313661666163
39646162646534386437613633643934313535626564326231623939323735323062333638376562
35363531653034386263363065303439363134656637643662333662346666383335626365353361
38376264343066626438306264623235306466363136643665343464373065306365343561663930
31353661636366613538346165653233663566653138666533316365323436313239356264366338
37613965333731373866313431633838633934393234616165663164313735633864666564363735
63396262356462626561353262356365333734663764303933366239616238366437626236336363
64326638393465383933306136633232326633383334643136633232326463396338373965333636
36306332636632646234323330353265636333663064613936666538653566363766643139633764
34363361636133303562373166623235653239313262313638366331626434383765353765336338
36363331666163333764316435303261323237373234663831663738663461623438633466623537
31613536356634333566383138383961353764343135363663616431386330336237663363386437
62333763663637356338353962343362656537363431656466343932633561323238343162363831
37616465323065663834396262353130336632356338626430363633666363626336326635623233
35323635646663633438316333386636316664616161646437653364343462303634653336386530
62653431636661616131613135396637306532623836316131343033353133346166356238643533
64373035323461393033323736613161336162353132376234653837353638393437343430636131
33396664646339323338373237613764616430353830633564356662366661616232386633323863
33646136323339333935636165366238653334353461363639343263333133343834396631313565
63363935626164643864313262313233613733646230643962633961626561643032643630323634
34303437346131633264363961396431336434306134646166383164626566363663343030623639
36316438333665643732356537383433623130666566653831623030326631636661666631316432
33333731373963303365636339663861386136326364353666633139383364663336303265333037
34373234626537633164633464303065323331366236616437313362323661653065646232373536
38366135363739316534353035313362353466636632376563343437383037613235323330383965
30623162376336396362316332336263386639633631336638646661396238333531303035333437
63616464366531336237326265333338613335343035383639633934633861386439303230396236
38333862646366663039376266613664393330363839333061656665386139333663626665313132
66623137636136323534623766663438313166313464306139376562393932393339663264663431
61396131653261633765303564343036303736373435656534363263643361303935383664386535
66663231643735396236333462303930643031333464313731363935326639386664373437336430
38656265366463626663333931386635356238393966623935636435366433646536373932333239
61623663323339616434643263313937303637323062613162643430373762376163623336336530
66666166323561613439376633323032646531376331663466376437636261383939386264353763
36303639326136643662336130613336356637306631623232303135366631613230343261386636
64656333316132623132363134393766653037323761353930663337373966643762326363373232
33636436646537623963623237353362326463333131616332643763636434303732346631383537
39383831653638336163363733636231366565623435386664393533323332323235623533303437
33383838373034666137303065666233313666666466326639326666666130343361623966666461
64373231313533373339313439323861623864313438323861653463303531343530306634323131
64323335323466353231626165346538353964346634303266366564336531646230356264383061
64623830643933383862396434633030303562303537353364346466373363616437663337663733
31633337323462646636316166363336323761643637383730653863386630626134623134383435
35373239333032353831663039353063303735386531373261383266376236306462316562356333
66666330356462313032333132323163653635303534623133316432366432326161316462633133
31306337303166303236396332316531666437636135346361376334646333306632356161336666
33653564643031646462333333633365653765633963633239373832656535303734303331353263
61363738386435663734336136373761333831613462323562643239626230386365656162326464
64613232616339643134356635633262383634363532666330643262383362353564653130326133
33353232353266323339613730373162353238663161333433633833333930313862623433363736
39396630383832626362346338646662643834313966323137346636636130323131366235343639
64373634336139306537346463383836313465666132623833653132346633346632666163396438
62636537643036626238326333316434396537336266623664343735653966396135306339633864
32306536666637383664383365373263333833356635333636633266656662323136383135653339
38643933376531623638623335323132653063323339363838623065386463343534656664373364
37316163316561646433383364646334663436353839623861623939613164653965376362666231
34343332633336623038613532623264663662666431633565313537346662643131653865376234
65633364663334393030303762386337336661643737366565333866643335613530656663326338
64616534643163356266313433643838343964343035396433656234346237396262336333393034
62343930626133336535393037333436393261646233646235393237353764613534363166353262
31316561393932343263663933363365636361356663343661613362393035376666386438626231
37376166376532346633316439313631313338346562653430333432383833306331613735306564
30373839643231663133666235353764343863643437303536646538386238646365363833663361
31363036666630303061323965656139636533363766613533323736353135643166656137643434
65613734643232373538356262373236373332653065396466316166653238343532306165346139
37633738323434363433663239663039333337663762396465333932633037343261353663613933
62316130363333373231393162663438383538653731303265626331306230323434666633366631
39306337323662373566316337613565626433373136336537386635346538353363313761656637
64356139613038303338363432326433616164643730336231306239616466323737616633656366
32313138393663623936653365313165396232376361306265346534333533646637323935666631
66663639346330353762663739383461366133633738623634316533653830366263373132613530
36663638323130313836323930386666373764333834653430383364366539666537636264613463
34356666316265303033303863643666323530353237373365623934653162303739366132656461
64613434663363633439636639363435363837653031623166356433333238613932333563373264
30353734633733376333626236393034616237356539616137643130363634633932326636666265
38333862336263343131353965333661303462303030346331633364323062633532616465326539
62353538343739376362626532666234373731653662303231633934613935383632333262613462
62663763623661666561373361653863353765326139356635376633376461656561633232356436
34373161633833303739613063373138646231396137366636376163633431303631313732613134
31356433373934623735366336613334353831663536623833653965613466643632393635626161
66363532386139366530663165313737366364313562326261386538303734636563613666666132
32653136346463656530366639316266663865616530653633346439313065643330663161333661
37616265396136353331336363633463636238336430656633353137353330323662643939336561
33313030643831653038656264656564616261373962613865353534383232646236383066333630
33626465643631626631336436363961376438613136383430613531663666363036306532396566
31363566613364316665653132373838356539616631346639313561663261623837326661316539
39303136313365306365623530383236333130356233653331326465353764346531393132613966
39653263373230356630393363613031323438326466363134653634336336613664316366653033
34373339303837623131636462363063383734343266336430373661373538343161326134336439
39653363613863633239393735376365643130353135626230643036306461386266616436623133
65656564626536386639343035313763653361303938393563343234623130656635653836663935
65663061363061353035366631613033336662613930633131326566366364346238663231363166
34393038383163323433633330633136323261666237393836376163303661613030393434323562
39653636626261303238303866623066326230636261306533303262323762303964623835363530
66326433376462613662643432383639306537326463646238633538636565323631323163373461
31616239613531303465393638353239383035363338323632363961646435376564633166636539
30303161313439356130656463396438373436306635613031303830633066656331366235336166
36346362346630613962313739316362646366663332396564383066383466636434656635653961
32646339663636633465363735636136393262366337623932646164336462313065343237663930
31633261623430646337316238363831366661336532396530633035366539376465633062653463
38373433623836356564666439613266313836613438646637613139336138326637663861636636
64343639663065653362653434396132363131346666643336626239376537363235383862376665
34613538303433366630623931353837323563313333323861346162623531386366656164663735
32343062376439333938396562366430323261386666326330303762663363333532336565663338
36393661663236386363353331656531316637396235633962363830386439356562366265666338
31383939636364353630333031656237333434663835333931313661343531323834666630653665
30303231373535656134323964636264386237353134373537323662323137613463356234346361
37303537643238666534663337306431666166313665373962303930383135346530613566363639
63623239613736396662343531633265653233363837386332613835396564633165333438393463
38316233633137313939323537313161653731303564383430333130666632306136363930323966
64343833653964383461623432633835653661626532326138613431616162353833343964363365
37356533656463306465666634383561653933623136666265353337633435363633626566303239
30396264656133316565653566366237353139383330653232333438663264356438613438656162
34323635663166613262353162356137643330653234383963366537343130373135613232326562
31393364666364333034653665633734366433326531326231633964303562343533333139666664
39356132646665303938633133303964363131366661303131323137326238336564396565373866
63356436363738656364393566643136656131626662323435306333623030353464323361636139
62333837323361376262626663653934333362356635393737333437626430393136373964646137
63376266363563633333366637653832646664373234346431306634616330653466313338353838
33373064623965373130663939613932643665623466363434653365356138623030323963343236
63666466306132323861333761633333386166656638316162383435633734326336666366326435
62383339623861623264623639643236623862623835396663386464353238373230393462326464
32366439663935323836633930393564386236663261623538373837393333353366333538666231
62323739636662323162303463393336666135666431373138383930626664333965323237633732
63323232343432623263663633323533376364616233643364616433356230653033653462626365
61313561346264366337366263386566343836666536333561656335396262373861323831663339
33613930323463363261356166326438336633613864616565393566663535333834373263316637
38366163333739633437366563363436653866653936613464636333383666306665663061653563
32646562386265353437613232303736636438613337336633636330346663336332626666323535
36643765626563316130383139643334646237353832626561386431346566396563343139666161
37643236373564656364383331646130633836383664613063323466363331386239343233346633
35613838666137353138613061316130323538623561343766313637343261666234396430623865
65646361636465616239323439316333383761653931306330396663383861613961626139316531
33353839646435323862313664366562343630343566333033343934346130376162393763363062
65623335353563333465393634336435313239646633333438353766306637616165623961336333
35316231353630643132393736666433616234383164353061353339623932323864343933333132
36623930303336326563633866623437303731373566616338346162373432366263313831663036
38393763343135396532353834373734663035383831653935383464613866383764656137613131
32313230303731386434393332343562366462623261383562653766646264613739393132663038
63663034666431663363363934313133363766626637313731386561653135643164366135373466
34633663353263343131346634343234306637653235613366653936656463343663643264353339
3035623338623263323466613861316336386231316539323030
