$ANSIBLE_VAULT;1.2;AES256;dmiller
35323134343431323363343839386136666533313832303334393264316366393636616533333764
3861343339393830633430363264303762396330646166650a363433303366376631366561313134
61643066326537333331383039396438653566343636326130643633636638383266353762383538
3535643630343664350a636638626136346664393666373562353466303962643131383662356134
63316264373033333631663563333265323562303133396665323831616234316263306561333864
32353437653132366638643133363332323862356664613663316130343734363737643732313065
39643037383739643236396164366334393834616533363563323532636530313837663938333466
64356130333362626562383865363166636134336133303935303931616137343137316237316462
39306535386235363733373862333065376636393463396238343363323362373338666163343538
62336235383762333230326465666463343134393462393564613665336339323465643661393362
35363437326538393539666534613034643936326531366335343936376132323264386232353537
35336532366362343332373330396339303264613636363266646562623935326436356466336232
65303032333466616633326230326139383866613563373661346535343163333137356434653432
39346666643766386264383231376638663030346237643431363566336232336165616236643964
63656638613330343837313031303863363336393139343433386464393064303437316133613532
66346663616161396563636262613262373637366461366332346531376231386563303230366435
65366566333434656462366139346662303133303936373261313833393331656331663031373938
35386437353862663331326232346261616631656632393466366439323135326562376238646131
39306538346365653433613639353333636234386432393431646535323134626332646432343330
35313765343461333665613837313731336466393564303634663432626661393266623438396564
34633533363665643339343266663739666138306666653235396166316465663166313032646332
36643235633932663530313439353437643732636235366133396132633561343065323335353138
38303232363939656136616465356334396461363863613231633630656138333436373861376135
61626362373431353162363865303732623637326633313036646433356333353136303064333466
3833
