$ANSIBLE_VAULT;1.1;AES256
36623764626636636631336433343834666339333130393731306132636166333430313837656335
6139343130653861326166306238333932363266313337320a393431616431343532663063663936
36613866323733666532623065633435333362623537633639343837386663333365306461333639
3865633965363639610a666233386236616238663438613962336661363538383230643165643261
38346361373136383465363333656266613039303561333439353035326561613731623631353135
33346239386231643638656561613562646530613439366137663862363130623332653936663361
64633361336634363866636666633436343766336363663332653838653934663064393432653262
36663930356335313132666538373561363661633461373236353565323534356566626137643535
39396539623964346631366539613136623931356335376430323131663066303461653962363935
32653864343931393339326230373761373366323961353764353333636135623865353632656532
39333134633563636161326531623133356433326164616237393764333838343231306136343336
37313362633431383961663034653234386238636166313136613262393066636337363765636431
65333430383933336533366462303738333032333233376336373234363639353432396333393936
33373166336532306639636239363663363539623635653234643238356332353866323639663733
65323039333230626536343535663966376539363266643832613564316436626330373637373430
65386630613236626432646333336563303433393935646432336366653939646163653562656637
38376138626363326231646564633538316236643263663533363564386430343163653439303634
66613236356362626265336637376233626532343231616539633730643764303161313835663330
32323038326639393061373766623861313732373961626261376266356536613732663635393637
66623936663166663663346636323734343663396565333436663235323063303137653562623266
32343437656564646134363031383061303635346333663666656638646433663936656666343332
37373936313136653065326263623537373662653738383666626662313162333430653338306438
66626366353665353839323536373062383933653436386463653338323335303935326131646639
66393263306439313666363339343865393863373933336538306462623665383835353263633337
3332
