$ANSIBLE_VAULT;1.1;AES256
30613633626236306438363337396238346236656230376433303039306538633163306132316461
3630313064636330633434343266333830316434316164640a323263323139356232303065613261
66386236626439373732616334316665326663373331336662366362646634613261653964306531
3131343463666635360a613136613765336536353361653833383938643234303237373365626336
35353733623634386134306262346234333163346166633338656461336164333661343764353436
62646464313965666535316462306164326365303836323138353437373731383263346665653336
34396231356638343330653763303633646564356237353565333163626231636565303230346434
39633963356361366431616331633263376639363831653261323331303431333435613638646166
39303163336562306232646362343435323663366336626566303663626233353462383161346364
62633966373632633533343638393061653037343636336665626337616338333565356238313631
30616337646434336362653563663532353938383265646431356630666334646164646661353062
31633736613133396439393937366330356135623639343036346364306337633336356435623933
64313732643537613931383139376237626237383439306231313437353435323238303831633664
33356432663365343538663263373738316532393438656438383666393436626164306531376531
31633636616531643837613536613661633232623133353436633961616232326539393137303366
36383636373937343961343737323331363465336531623731653066653766326433353662353631
35323561623435313933666630386235303034616461653534633865356236393433393038316133
33383631663030643163376130346131663666353834343837663235633433616664383066623463
31323137343539366238363863323063366433643165396136316165396662333266653335386135
38303039343663623931623835303439666439633432643834326330363135656234353961346336
31346261396232313938613264653831343232356263643061393265356538303164623033313762
66323537303839393161386238316239613832396338303339656561353966636234326130336332
32336461613861623733333330653539363539356334653233646262323965383838393266313539
30306366356331323437623164653661373235326163323937656664633965326166313132333030
62656235346566366461376231663731326265666465353066356334393936623837656164666631
35306166376230646561313134383439663932666664356436636266323363366461613065353337
32633632316463363737623636643062613636633964653662396666633066666565323337616630
64366436623833386430313465373164636362653364666561303364393334393863396162633634
62313339383837323432396431303233316631386432386530616433363064366532666636343035
39326261316665666462643030356434393231313434623139383764336136353933343537343739
32363931356335643832633361396461323631663233626331306335353161376434653735306538
66343666313963303335333131323864363762613235636236343730663033323332356662303735
36366539313731643637356133663133353964376139336362643662303737313231303838306332
65333465376435653534303431353936616262663064616361323236666332393639616132326532
33303861613463653366666230363637343166636461386638346362303661373362343134353461
63323839356565326337373465656666353565383464343437623361326335386261303231653465
36343462313963323632373535666539346439323462383830656566623231303265363737663361
61306462373537613634366137623661356661376434643136646438643833643265306339626434
30636531316361653261306465303566626536646164383637393262306230626464666632323830
38323662643962623966666438303662313538386131613063623462313137316630636639326431
34333063646532616536633337353862393531623537613739306433636661386362303831616161
65306232313661343331333762326334383734623631303933636163616666646365623638383763
62316333383366646665323439376230383465623062623531306133633532346134346661363336
65623338363635386636656639666134653366633330353535646632353531326463663336366139
35636266383139353063323137346561393634363162323737386664356464653861346135613933
63636636306631366465656534336465386631633339643734663731323634346637366231383161
38376261633138356531316535333365646465363564323031663562313530663332333139636538
62636136356637326563653463323662333534613530653432333133353936343630616132616636
39343736363837323662376263303862393434313937313265363431306137396232376131386366
61313232333362663336633366316265623832373866363562623634333534366665656437336263
35353035656662383564623232393062383033393636323061363736303661393638616263366636
39623764396265656661363761376534396636623839623862386662303437373639353664313031
38366633656136396661643066653064373230323833353039316335313862333263613537636236
61343134373732356364366535383361313732303761376132336439336639633566396264613738
34343337633464396132666664643764333937336434373434323966333533323465616332653365
63373763626239303565393265633562356462666334626131303664363033303163623063653136
33633732326661666634353030366231313663306562346330313065323939313934613030656636
63316162363034303139613062383065336165383037326435366536656638643933643561326132
32393263326165633366376661323330626336393961666161346561616165373639646338336665
31616336396238343333656263303730306364323931306538346661663266396534383032643963
64306434323730326535316531323235333134333530626262363565323365666662396661616561
32626531326533303965373665383865336431343435326133623132646633303531353163666539
38613131333133653362323362363439333933396462616263366565373931383335626439333864
39613032363032333339353233356632656561346439336639336235663532316664653738613036
36623934323561353635326435613262636162333837643832623436363934633836303138393134
38626635376234363663363635633162653566643561343961643131376532373135306535626336
38623235316538633930316565353531656466333931393930613335666663626531323531663139
37316330386261666535653666343936653736383461383265353765336333366633613538376366
39343831313163643634356638353736336265663562366232393133643661323432656535636434
36373264663436353238333630336165343663383437663662393362356632323665343436623762
65613966316435383364363731373536306132663234343932636137333533636136303832623563
65623936653837393030303439643037666363376365333562393537666361353339393164636463
37643331353938393534383566356664353733643137366635646563656536393335393561306638
65623339643161356666653830623737353635616562346464356431386638326536323735363631
61326636336662313934653263346638353966343362623366613135636535323435333535386265
34623164613230353061613265343361336438313263653631376162623236323032323564343834
35383931346439653637626536363130313437313564666635333839366337316236313962636666
38393331333162316265366364333738353833393461363465353537656566663461613966643237
62356661633661343065313034323934663366666164623230373432623236333762353866663437
66643533306537343038623732656132333439646135376564396339613934653236336134393437
64376538383763653366336231306235313963346662316166373762643364313930636264363435
66373365313861646337333631386437313337386637343363626561643730323261613134303430
31653039326161383562336439333434373039323538326162663638306366636363373162643132
38633562326661653933643536346232383037633632623735666338663735623631396338313765
33323436343337313939306634613439633766353763626333363831353635313330636532646566
37636231346437663232396331383364626665373239393261346233626338333130633166393363
65396131353233313632376634636630636164386435383966343663613464613038626531353532
62333033323833623239613361346639383932623438346166623064636535626234336264386131
39393966616131363765386639313036303636353332666462613464616533613034373430663164
65643730353761623134383732326563393832653536616134666133616338306333313432636566
34633261376436663764353734396565353138363932396334613339663430366232616131376161
31646366326365636538353462613337383761393838646439343233373533623066653137633735
35616265326431313736643663623639383063376664623866356461393434623832336266306634
65306337616333663632623635383938333936373831653933623363393030643135653466333137
66623039643961353935626433666531623364323862616631303165613339633531653037303463
63383937386336326332313465373936613061323531313238633130663366353834616231363165
32613461363133613135343963346638346261646532653731663762633039613037306435633537
36373961363933363135663733316537363438353364373565663836633666323266343434663166
63396639643130633936353833663131323532333533636639306636303933336265303237313038
65376534653731393965613864633533303634396364396337323938393065623630663730316639
63383839313562643137376339316133653366663762613535663366376430363763663766393663
31393732643934396264656565643538313037663564373338636436656133333364376663636666
64303764376338626335393961646234303437373364636663363633363030313364343762373839
36323936653865346333376139616666663766323037306663313864316238333039643938666364
66376464623761373538646535393731363466363865333030363638636663306632343164653133
39663034616135623561323265313031616630323131376464333334373437326634376163633862
38613335396463383534396363663930383762303663396332633232333335663165653839643966
63393233373039306464633761383438613361386162646366313334333131636639313339653130
31343730303566666233333339366563333766613833353232623231376132303332386236356239
64636337373035633031323264343561373762343532376237376466313032363237376635633864
39343864656339323461646437316536636433346138333462343364383161346335316436376163
65646134373231353331373438613937343163353964616535616535616539303464383463393662
61636430323139626361616137376430353365356132336164333864363038326166633139626439
65613366653561356236363533383139383864356438663663643435323133386661306533313039
66323763643738356638306334303366376539336262386133373163353935653534323662663662
32326235376134343333363435303734373435363465313135366337633537383637316535623163
64623465356631336363633238356435663238323962363639343839323232366535393764343536
31633063306561376663653062313038353263306333303230393163663536313663343637326261
30306363303739653961366238376135353830626631376566623839373738376561383966333032
64666263636637613238336330613432306439393939303938636565396133343834353437303264
66643935383632373466626336663537393832623038643239626666656164373232363636343939
32643363373032343136613238643035383239326364326539366465646364376438636133333630
62316332326365643165653762306239383861333633353737343237616230326166323763303363
35396163343035363564313432323266633837343264653563363139383538386334653065663334
37316531386366326231393863303935353065353431346133366339326630633731396564623533
31623531663632313636623361383535633333363262326162323161633830336161316161366266
31636361336461333262626431623738313335383262336533383066633031343934613931306538
64616532656631623065623061316438626230346466313965663735343365653962663862366236
61373637326337396265333339333737656533343463376439373264663731383030383463353632
62613736353639613438373461343737623230663330663964333564643137326135343161636630
62646536313231633039346238323435306534386661333863613032636166383764326338616537
37663331376438653335313636333230353136303862666565376238323336313664653237356336
33333134666531346132343063343464666561396364383938356630366437623733
