$ANSIBLE_VAULT;1.1;AES256
32623439363034636165323531316663633236366334646362663466633962313338363365313239
3731343766393931623663653265613363653038326230310a346563343139333737333737336434
36373464396363323838623964363330386166383832663733386161316466633636313064613232
3237653438646633640a343463303061666332383161666139393265613565636162613435616138
35626538306130363564343666386366383738316163666463386236336530616265343266333365
35633166383930393463643964353631333535346637396232303131323565653661613935376339
35313039313336633565336662636564643661636433343135653634646231306166306432396532
63363464366566636561343764373663303365336236353730306430633634636361383164636162
36613461373162306463333336386232646337356331316263396266393835313339626135363434
61376561623939646436623066656161653865373763313032353264363136323136636534666435
63366666333334653962636566366437306230656239653264636330316539376165363063613734
36366366616335313936336438313963633033643437343064313235626161376562666132653765
63613663313035386564643537376638636335653736663162373730653034613430373261383161
34646661653664636130626563616533366164346561326636363863383636356362313137633234
36386331393036323135396538633335373839643635633936386264623837353034643533646238
65646264643033316330393061306461303537393239643937353336393934353736313062393764
31346334313234343466633537356262313866333532386631393636336433386261373262303365
66306137623232373638616131663561623334623138333334646632633061303165353734626133
62616262363664656464616533656539363965656433656639383339323762313335333164666338
34656131316537363431613465623135623438663439343331383236376238396537366564613966
64376137316639633963666237316365353332306164373630373764623963616262316531616432
38326263313836303334643331336131336437643436366539366136646166363633613632363162
65653264626537656564303034323636353337323233336436636532626332393238646365643732
33326233343262303762656431323436626237376333363537663065653661316664373033663134
35326332393130643333353238323861643865383630313362366534393766653732373064653861
66333131363138313061653030656163386563343336313635613432303039303530343230623466
386439353933393764303262633365353739
