$ANSIBLE_VAULT;1.2;AES256;finitelabs
63633962386533333635383535303363346631653733363333633339386361353536363264623839
3333646531343234633336623935303562613431376166660a636563373932323465636366613362
63356462336266373037633732366636326438343238656238623633663335613438383462623935
3538343265626164640a373333626238313839313965383636663631633863313961646262666365
31653966363962663836306464623262653265623938336266393339656239633539363238343265
62396662343833353434636531623264303834663832356665323262666364373333343239313665
30393339616338653862373130353161666464656531393031663834366235343030363339383933
35653266376532343166636234316265363463323934653865366664383961313633623838313134
62653336316231663939663564316530373232656661353061393265343539326664643337626661
30303130356136303866383464343764643465313537336632336265623137343561303736623336
65383934393036666235336435656133343363326435306264333631636162336163613932306139
66386230623339643133376333376536393634376432313063376132386265396566323435623464
35616436656131643632373562366530366235373565306437323163386132356238363335616638
31643330373434333534393635663464306534626630323663383064323961616463343136383863
63663065396663623666373131323431326333336231383162383864313937393733356263623164
30373137383134303835646632366638653531376534343935326233643532396435656630663936
65323030376634303835633763376532376231333665323266346137326366616434326261646637
65313966646430343638373937343866393662316535303130636661373234353034353734343333
30363265613464656464333539316537396136633034663461663535633266323837313534383031
37633034643265396331646362393136353864326437353139663337313234306438306335303762
33613336616132613232396237333738366164386430633938373061313065343161313035663662
66306435303261376535623066613164633135353866373938323136303637633037656165323263
31363130376662373838346563396236653833353133623566303766626639656537326538323866
34353961643935363832396163366333376662346530643366363935623136363338653865663132
3064
