$ANSIBLE_VAULT;1.1;AES256
61353033373833393430636232393939346536386632653130386137326363323537386434623265
6536366566333966616330303639396263623938313463360a326166643263326336303138383363
33343863333636666135323934613335663937366563356139646634356662613138623435656563
3730373330343961340a323062656634643961396563333634303031393265613634643862373331
35333535383761313631613833393062346364333965343531386630373636366430346661343731
34663964333334336463323837663839346535376137343539306337633862303264623938393835
34366265383366353433303463306637343833633865306433356436663866316537333430373835
36383233323334663164383739613931323535353763346435303364343730613335363231633262
38363531336634363032663264326164633963626630633966656330613431653265376238643463
31383436386536393363626464646264303234363338626164393239663732306336656136356365
30613466616437326137336433353635323163666262616339613833623935303039626665316566
39313031343039383264313564623531613838653231653561313366366533376164666166346238
37323266303461396436383662646439336363653637363464323231646339316362616464666231
62313536383665353832633936356236303038303166373835353432316365373239383465333562
63666663333232356163393066326638376339613130326439663462623234383763346435333265
30353963663262373566616331303361643235343430633533386433323264393366313335666565
37303331623432363866393965623136643731636238373363303534333631643132323161353663
31313965333266636239663730636131393566336538643261356536313534393331626165323031
64633033356438653832393539366633623566643634316164336365353238356264613061346466
33396334373537316132666534383863303138663864653966313637653634356331376339343733
39353736656263326565376238323731646130633332613235396232396266316665636662353939
39336536323739333830656333386532326132326166373965323035363236333565356562666134
37363561393863663864653837313738353038393337643437323764666237326662613564346332
63613131313931333636616165323363353631316261313135346538336561633762326361383938
33326537633635303761346263376237623331313836653432313563613232353330376665626464
65313238373730626261363537653163353566653362356137353362616336363234356562613364
61653366353766356264313232613433346237663930393463663435373837633831633062316431
30653333646430653832326364336630653035316637396131333231633062323036666539633839
64306539303963633438643132643965343433613933653264633363653537666466366532346564
65636636656330386430356566396466653633313639653735376533613866306539353463353635
61653135306532323335383739633561393738643761383932613838623539636337396232353536
32626537363362356436616236316135353032373538626333663737616564646436633430333434
64623431646165653134623663313862613261326132393834373161366263343563356463343332
35613836333134336265363066323334303939396462303137363435623031623362666639343161
62656134323236323361346637386364353033613238333162373530393234373061613563373264
33613030623737383563623332326563333530366462363631646531623561636537633539633465
3033
